0,1,2,3,4,5,6,7,8,9,10,11,12,13,14,15,16,17,18,19,20,21,22,23,24,25,26,27,28,29,30,31,32,33,34,35,36,37,38,39,40,41,42,43,44,45,46,47,48,49,50,51,52,53,54,55,56,57,58,59,60,61,62,63,64,65,66,67,68,69,70,71,72,73,74,75,76,77,78,79
0.9999999999999998,0.15652229392385208,0.14588624915901027,0.12351691048930552,0.11093873379371268,0.1549390927892087,0.16555732526683078,0.8392147153673746,0.20477644772249481,0.19189372570431693,0.028504409917708768,0.16548121636274832,0.2868989129559158,0.20295060192654665,0.20106323235284257,0.16263205768872746,0.1660352735435358,0.19200452062458975,0.033512073404402015,0.15580147924211712,0.24083184420990325,0.12382052471146948,0.04316506714184088,0.158534468838695,0.19014441637203564,0.039616721962919876,0.1693604890358989,0.32167611045032135,0.03592559511787695,0.1461921341850227,0.2482612203831612,0.16998515728838343,0.28670272998181645,0.23593641327351283,0.042212270270803376,0.050875432223260166,0.16917243664218043,0.17014598703332656,0.13411515562299148,0.5382314163151414,0.03474272461083758,0.02643101099711566,0.1651032594901568,0.045934767366025454,0.04694966462249415,0.19846862864129017,0.04278230092416201,0.0414774644590204,0.1481253726507824,0.20448762352853475,0.1521708189724858,0.21501967372391487,0.1979372498094577,0.28798751994729094,0.03663968520405009,0.2441214278520731,0.044901195368621805,0.02996384869866054,0.2981158022596958,0.061530865881133365,0.15891986901257907,0.3723375799142661,0.03767337636707977,0.15748402392285382,0.1449147573039986,0.14543739205902548,0.034279570721588326,0.06524492784500219,0.04514703055222307,0.14923317244408524,0.2083723683132487,0.03491722005142739,0.29369046232660084,0.22937247819389028,0.045020978820499824,0.04879505880035439,0.04792117899383724,0.21269025243401105,0.19884077294648145,0.06504976971509838
0.15652229392385208,1.0000000000000002,0.03425423433455982,0.12791516249408708,0.09433992687299333,0.036379850894657624,0.03887302229089292,0.1532009846903609,0.12347186046095515,0.05625174717970611,0.024239540647676583,0.12946581784662742,0.12638405287494747,0.15837238070078444,0.22114639873654318,0.1382988240886926,0.03898524501486061,0.40211358156443516,0.02849795059147183,0.16248920441050738,0.11539920719241704,0.09110763102161486,0.04475409853814641,0.04538493004013333,0.12207666132022885,0.03368921318210849,0.1246161165984272,0.12519086981231017,0.039125277552373515,0.21489932511336685,0.09661904353706581,0.12507574996527732,0.29900934653303674,0.14226005100373323,0.03589641195919536,0.01758674191485561,0.17643410558032743,0.03995044457255199,0.11404866038546932,0.31629954161574547,0.029544470060832065,0.01741256696867166,0.038766407201347775,0.0390619438860442,0.0306828110524315,0.09510005818752655,0.11554013124457929,0.03527154881014989,0.15448360357113453,0.15957179458763504,0.035729857488377786,0.16779047365174657,0.15446021437785806,0.12686360353667891,0.03115760478415951,0.05731995060492502,0.03818301636164729,0.025480616177947366,0.12353781754182407,0.05232453255192158,0.09582221055902668,0.14490745187145726,0.04102872344523963,0.16424397174575964,0.1511351736595266,0.15168024233252445,0.029150613897627915,0.05548289142344681,0.0383920693447729,0.1556389552913848,0.09179171905271818,0.029692857252049898,0.14072743006080646,0.05385688276479321,0.038284877647641255,0.13177850129832255,0.21125530082203914,0.16597271114286435,0.15516527811686814,0.055316933123093104
0.14588624915901027,0.03425423433455982,1.0000000000000002,0.03026822641234675,0.028259683712210007,0.11474980359262078,0.12261379756195155,0.04589161254679864,0.03698620339914209,0.1286500637790834,0.02111071764200007,0.0606054899657444,0.11779596992368406,0.07107532205203254,0.07041434643033531,0.04142764528298409,0.12296777195209434,0.042019367835033204,0.024819454999445146,0.034096487125513976,0.10755756941190418,0.027291444055344286,0.03721083321291187,0.11741258345077743,0.03434340295167998,0.9113940629738682,0.037328967249004384,0.11668386635553096,0.026606938955896095,0.03199352307396812,0.09005356045836535,0.03746665119684386,0.07303245847188912,0.042614237465550056,0.036389466126015936,0.03767897275125519,0.04309369134518507,0.18310998378702997,0.03416346797293588,0.24037877179367975,0.03113282914763292,0.023595091674841716,0.14486775697520674,0.09542638650697238,0.03477150083420297,0.08863779360741704,0.03168509986673882,0.03575602018658797,0.032416604040714836,0.0771044043112264,0.1126995858519521,0.08107563465992974,0.06931959621086796,0.11824293403063582,0.027135802883396204,0.18079934117651278,0.060957766444869756,0.02219159600816883,0.10813766798114281,0.05304323471165244,0.028703704282582777,0.13506066195912825,0.033758975526199816,0.04011627457422977,0.03171397460889492,0.03182835098890623,0.025387872981114945,0.056244975133503405,0.03891940254411387,0.03801451583611415,0.08555426361802161,0.03128919387722089,0.1311646821081341,0.169876087102885,0.03881073851841136,0.036138222528827306,0.03549101636312565,0.07448624466039624,0.09142146558575516,0.04065984239687019
0.12351691048930552,0.12791516249408708,0.03026822641234675,1.0,0.13186075248463808,0.02761770538665584,0.02951039244848696,0.21413199895580484,0.1725790232271269,0.04270342354047166,0.029316902400481865,0.8050637582656807,0.09973382931523522,0.12410015742852615,0.12294606939429958,0.19330295895423322,0.02959558614917588,0.15691240423068578,0.034467304816026556,0.1923908329826127,0.09106532486839879,0.12734290964393352,0.10957467401126778,0.03445389675927599,0.1658860544992664,0.09915402371016847,0.17417837230787567,0.09879224916169606,0.029701891625159703,0.1805247717042165,0.07624527760841522,0.17482081081327655,0.38267984210415246,0.19883964293410153,0.10118163878712781,0.013350946883263869,0.1551562688903295,0.03530159482723851,0.15940803302231515,0.2478514418700673,0.0404416987876129,0.034311846882198335,0.029429455774464937,0.11496703378929114,0.023292806738933594,0.07504659611231551,0.07011562062843488,0.09942032967606762,0.18291202348507749,0.14032754147456702,0.0271242639360604,0.14755505326771073,0.14189954039527874,0.10011225857713309,0.023653245637934705,0.04351434845536854,0.10762691752309012,0.019343568853833513,0.09726240002153912,0.14748777561367488,0.13393256925103422,0.11435125510457785,0.04745568046598274,0.21020365384224465,0.17894740797591033,0.20008220013670014,0.035256678951661735,0.15639027892966226,0.10821617762657992,0.19919073275383972,0.0724358764599368,0.05102815577999393,0.11105266186979759,0.040885366065646696,0.10791403512853627,0.06128428240015301,0.030936166937246903,0.13005575524297655,0.12158708075573546,0.12460063863367905
0.11093873379371268,0.09433992687299333,0.028259683712210007,0.13186075248463808,1.0,0.04159284095354435,0.027552138187959777,0.21856075418232843,0.17614836482405147,0.03986970449613164,0.027371487776416223,0.08656813573183514,0.08957757036505906,0.0915262862389382,0.09067512380728389,0.19730092046370315,0.02763167859455459,0.11572595814255199,0.03218011915346062,0.15465264335335513,0.08179181128634186,0.1299766616258722,0.11518985944804805,0.0263833906833094,0.16356191542958542,0.10963632816674257,0.17778079221927418,0.08873187474666051,0.021653260576018178,0.14511415487941254,0.06848094339568243,0.17843651786953135,0.34782018581561436,0.20295211613838104,0.12824496589150428,0.012465003103903397,0.11774582942088647,0.03295904724524632,0.16270496744986507,0.18279527184643926,0.05037321492983645,0.04629062674878058,0.027476572319731465,0.12712104837745555,0.021747139797506955,0.9397893255109278,0.04108189680731302,0.23365306660623705,0.1470331381934124,0.12906045309464012,0.1498888705951316,0.11197737775281456,0.08926537399463086,0.08991746279743228,0.03941670074094989,0.0406268179555443,0.11982287358815204,0.01805996592690049,0.08223294539677281,0.16420064329505366,0.13670261094944813,0.10270645046713736,0.037933262521315986,0.17101376454214956,0.14384619701296733,0.14436497800764345,0.04913365880798563,0.17411195130237261,0.12047890686045898,0.16205406731753724,0.06505946743542429,0.04764202312732092,0.09974376499097572,0.038172289903375234,0.1201425264903633,0.029410010316027906,0.028883300957406308,0.09591865577000294,0.08967284318406782,0.1366456324597591
0.1549390927892087,0.036379850894657624,0.11474980359262078,0.02761770538665584,0.04159284095354435,1.0000000000000002,0.1302224895574754,0.041872986470031404,0.033747404123809624,0.13663333099666525,0.04361982296245296,0.05978262092002612,0.12510569583777173,0.07548583901447588,0.0747838471285242,0.03779991885555707,0.32956101234007185,0.044626842964753846,0.02635960457757178,0.03621231482048688,0.1142319603345805,0.02490159321622639,0.22128605604735865,0.31467277359937823,0.031336027812577924,0.031161340362336344,0.03406015290841736,0.12392458165510832,0.028258009287983568,0.03397885317353147,0.09564175541074652,0.034185780180266745,0.06663716909812258,0.03888260380926972,0.8996632680403295,0.04001710845924667,0.03932007298284666,0.13383179502316356,0.031171849338292378,0.2552952662927293,0.027327598374407167,0.02078985057301475,0.12986533486337756,0.03613092778592835,0.03692921591464387,0.11007329823829522,0.033651291033859485,0.2453817046729259,0.034428188059732204,0.07605752179889766,0.3352143215272919,0.0799748328982192,0.07362116314142558,0.12558039591155984,0.02881969140407178,0.19201868620422607,0.03531795065899138,0.04585317778135432,0.11484805641330123,0.04839835704493378,0.026190184967649733,0.14344173324141476,0.02963276226316144,0.03660338195267816,0.033681957572892315,0.033803431479155745,0.02696329524007553,0.05131972820459832,0.23144660705200465,0.034685669535956296,0.09086325863911195,0.027464851320801457,0.13930399176737004,0.18041759915023484,0.035412168775201015,0.038380748328981404,0.03769338035057721,0.07910842344282762,0.07395722128276544,0.03709935075437926
0.16555732526683078,0.03887302229089292,0.12261379756195155,0.02951039244848696,0.027552138187959777,0.1302224895574754,1.0,0.044742611539257855,0.0360601695857217,0.14599703931970454,0.023957254144380522,0.06387962288139684,0.13367939624330724,0.08065900850317631,0.07990890795137243,0.04039040985959056,0.139548556054935,0.047685194377632974,0.02816607190859994,0.03869400469226048,0.12206046564832504,0.026608140615421456,0.036279175280659694,0.13324431453160507,0.033483537664670965,0.0332968785943289,0.036394351562187434,0.13241733835077452,0.030194577435977206,0.03630748022190586,0.10219624321132247,0.03652858827890972,0.07120392459150286,0.041547293005196495,0.035478372988898,0.04275954713662152,0.04201474266531953,0.14300350944895235,0.033308107767801215,0.2727910734459349,0.056809780362108916,0.02221461344328418,0.13876522120929544,0.038607040069515194,0.06813319496624375,0.10058957654879858,0.03595746970663486,0.06060648169626168,0.03678760877157847,0.08126986965504017,0.1539760509007214,0.08545564056776955,0.0786665433062115,0.13418662829885591,0.030794752557153963,0.2051780445911885,0.03773834827446312,0.0251838764770079,0.1227187838110572,0.05171517656018175,0.027985041692393603,0.15327203263927255,0.031663544507978286,0.03911187230229897,0.035990237874345604,0.036120036588463855,0.028811134491408912,0.05483675412075081,0.03794496668853199,0.03706273587954087,0.09709026814675759,0.02934706304050185,0.14885072489339296,0.19278191583974802,0.8856675555397551,0.041011044538193576,0.0402765700945263,0.08452985463835488,0.0790256320682069,0.03964183066688768
0.8392147153673746,0.1532009846903609,0.04589161254679864,0.21413199895580484,0.21856075418232843,0.041872986470031404,0.044742611539257855,1.0000000000000002,0.3443676247560298,0.06474541787958113,0.04444924878341803,0.1405801772009066,0.1681185039215985,0.1486318427587335,0.14724961863599886,0.32040193688137003,0.0448717792100088,0.18793029981402118,0.05225810645794159,0.25114432491132005,0.1328237835666892,0.22740117617606287,0.187059715633902,0.04284465301308798,0.3197612897133308,0.1780411962327778,0.31103707963005556,0.20322167301213478,0.035163275528811114,0.2356545331009768,0.15684117940767006,0.3121843070034322,0.5648339650917272,0.39676858904478096,0.18293068436962787,0.020242232668436378,0.19121041968527358,0.0535230274158008,0.2642206969366243,0.2968458485378953,0.08180233316970419,0.07517251533801338,0.044619898221521834,0.20643507401183214,0.03531572836241789,0.10945958688275634,0.06671392752192039,0.17974633704204038,0.23877081846448936,0.17293589418369268,0.04112484802423139,0.18184288565191453,0.14496029038841327,0.16875641145796047,0.03586221305149126,0.06597491350618359,0.19458338405166348,0.02932803379422136,0.18833724394938092,0.26664956263384837,0.267251719751311,0.23522749578617647,0.06160078095679762,0.2777135619230902,0.23359546436810827,0.23443792589905713,0.053454927556526255,0.2827447854797906,0.19564873301512398,0.2631636838085351,0.12210311450293472,0.07736708197339019,0.1619764135911777,0.061988943546204094,0.19510247645507217,0.047759656907885265,0.046904320306924235,0.15576472233144054,0.14562198987368807,0.221902286130191
0.20477644772249481,0.12347186046095515,0.03698620339914209,0.1725790232271269,0.17614836482405147,0.033747404123809624,0.0360601695857217,0.3443676247560298,0.9999999999999998,0.052181369578474086,0.05099366279728805,0.11330015964328714,0.11723890016828276,0.13984183015101545,0.11867537536980878,0.2582269514911632,0.036164271871038337,0.15146184472587285,0.04211725950436843,0.2024089930210634,0.1249686516482133,0.17011312982101381,0.15076020009464272,0.03453051577326373,0.31280416210125267,0.14349175223635632,0.2326790564411616,0.8963021156427203,0.02833973331319361,0.18992504315062703,0.1728349319257335,0.23353726853303897,0.45522618971653256,0.31977441894934244,0.14743242009941757,0.016314164902444115,0.15410544720569408,0.04313671864373747,0.23065786888692594,0.23924199484202727,0.06592833777749064,0.06058505657175567,0.03596126916628363,0.16637571033993231,0.028462602203599353,0.08821861599008277,0.05376788384511673,0.1448660052053764,0.19243660371492646,0.1393771498172549,0.033144444253988985,0.14655571208246473,0.11683029833909311,0.11768375053411156,0.04986567972778831,0.05317227778152536,0.15682387741962803,0.03958347350699263,0.20754278219537303,0.21490539147672155,0.2614370561923665,0.18958087374563776,0.04964695916254206,0.2238223875335188,0.18826554306465743,0.18894452233364376,0.043081833772476714,0.22787728662046872,0.15768249212647506,0.21209595820334687,0.08514966834419259,0.062353760773776176,0.13054439028128637,0.04995979760266193,0.15724223833897544,0.03849174798263896,0.037802392090740114,0.1465528748045714,0.11736359299563899,0.1788414621773496
0.19189372570431693,0.05625174717970611,0.1286500637790834,0.04270342354047166,0.03986970449613164,0.13663333099666525,0.14599703931970454,0.06474541787958113,0.052181369578474086,1.0000000000000002,0.02513666760944264,0.07890696946682853,0.15494474408600073,0.09963361764050574,0.09870705986404343,0.05844750395028284,0.1464185189083269,0.06900352327311,0.029552685093346007,0.055992697275542916,0.14147750621550761,0.038503679688713405,0.038065195814127,0.13980392014226756,0.048452818545999754,0.03493608093037378,0.05266495225212099,0.15348192152189913,0.03168105376524407,0.05253924387179196,0.11845333832977901,0.0528592013587325,0.10303662870232862,0.060121587784982104,0.037224970097624537,0.04486459579323974,0.06079801731247579,0.15004355934694083,0.04819896027553562,0.316185921329982,0.030637937179203493,0.023308236863491736,0.14559662055874695,0.040507661176999624,0.0414026502354379,0.11659108758768873,0.037727652703650624,0.03657698020758299,0.053234020562624926,0.10038818067773736,0.13419212351390106,0.10555863226633089,0.09717243544548058,0.15553266521107947,0.06286105020053494,0.21527894125770922,0.03959620376307074,0.026423676449093214,0.1422405478069437,0.05426111004719821,0.04049614352889823,0.1776541227760238,0.03322233795397353,0.05659737840834949,0.05208017392358685,0.052268000956848984,0.058811908562586585,0.057536362590091344,0.03981299398306587,0.05363214706803456,0.11253511890388812,0.030791816312366833,0.17252948564822077,0.2022725522036486,0.03970183502587052,0.08865406679597773,0.04225938201486253,0.10441506004767875,0.097615997957289,0.8743362143152923
0.028504409917708768,0.024239540647676583,0.02111071764200007,0.029316902400481865,0.027371487776416223,0.04361982296245296,0.023957254144380522,0.04444924878341803,0.05099366279728805,0.02513666760944264,1.0000000000000007,0.018624479976774678,0.023015908851690463,0.023516608599945078,0.023297912369793918,0.0401255830750495,0.02402641646211208,0.029734431214518325,0.03582363785166626,0.038440300684816894,0.021015449132067692,0.026433679689021,0.0360413045244882,0.0229409997684586,0.04734997778847393,0.03307856178783837,0.03615572563258741,0.03817974520254197,0.02410490034185032,0.036069423879437935,0.02946613015381215,0.03628908220280512,0.07073706360985346,0.04127488091402931,0.05616314373202824,0.0304427005418578,0.026198582014454696,0.024621264244479465,0.033089717335271364,0.0469671068124739,0.03713917576569078,0.04043153871310731,0.023891547784408152,0.03835390626082646,0.024209408818539675,0.017318753602563474,0.045733298452577016,0.03463221596665021,0.03654640438232374,0.023694708763632662,0.022020136998509205,0.024915094906115626,0.08799371833637377,0.023103240236221217,0.024584031454524403,0.03532600614146853,0.03749091019542014,0.8633121418888219,0.03538337166285892,0.05137609696262346,0.03957440566211374,0.02638922101591582,0.025277604445794993,0.03885542847280567,0.03575426158679953,0.09977032083319587,0.036644074880769796,0.054477207354106216,0.03769617387972977,0.036819727571296576,0.0167162691098991,0.037325707389533405,0.02562799363949033,0.03319173431293862,0.03759092514157891,0.032739889922435275,0.02511473254252184,0.024645176570229764,0.02304038808805972,0.0393819120727133
0.16548121636274832,0.12946581784662742,0.0606054899657444,0.8050637582656807,0.08656813573183514,0.05978262092002612,0.06387962288139684,0.1405801772009066,0.11330015964328714,0.07890696946682853,0.018624479976774678,0.9999999999999999,0.1336179420471241,0.15899048208951272,0.15751192624609187,0.12690566732557482,0.06406403728664002,0.15881457950651784,0.02189643433778749,0.128869603339753,0.12200435282905028,0.08360211874133776,0.04915931159936138,0.06744030509720249,0.11091123616630494,0.04368792022972008,0.11435015113579722,0.1323564643393881,0.030061953687632228,0.12092133165525781,0.10214926223926558,0.11477191957475229,0.26613662393769644,0.1305405655135656,0.04202742042575153,0.0174424893532037,0.15703715536339408,0.07068370713007031,0.1046532495787807,0.31753400677350674,0.027466273904722737,0.028597818822095996,0.06370442344198496,0.05065523730953743,0.02357517447971714,0.10054333418277264,0.05438391768665293,0.04129583236889097,0.12252039012027044,0.17566742724449758,0.058714493688810605,0.18471510518953557,0.17618092877260877,0.13412494092135147,0.023939982809965517,0.0941932634108753,0.04470457057319415,0.019578061841182198,0.12843746408882895,0.06126141884710587,0.08792830781993075,0.15320157144758642,0.04803096336042795,0.14618718996365992,0.11986476240589183,0.14103485672117,0.022397908967763405,0.0649592167300776,0.044949329231052895,0.13852819851523504,0.0970456344593395,0.03811343411422276,0.14878229623567424,0.08850244096890278,0.04482382948677141,0.06202720293183579,0.03131119153881079,0.1666204753729304,0.15577086271098786,0.05864451124041994
0.2868989129559158,0.12638405287494747,0.11779596992368406,0.09973382931523522,0.08957757036505906,0.12510569583777173,0.13367939624330724,0.1681185039215985,0.11723890016828276,0.15494474408600073,0.023015908851690463,0.1336179420471241,1.000000000000002,0.16387262773803743,0.16234866964863187,0.13131738657045994,0.13406531596605262,0.15503420553402214,0.027059350785847664,0.12580203047695124,0.1944598674704015,0.0999789828645835,0.034853668389623206,0.12800878513803887,0.10886174897812059,0.03198855420384793,0.8943454563352499,0.2109598544434875,0.02900815084623424,0.11804295703543706,0.16281330572754046,0.1372546527917804,0.23149835130222285,0.1350786475177121,0.034084331785172006,0.04107940891326594,0.136598420848411,0.13738451489946613,0.10829139092373724,0.4345953926002657,0.054577570485286615,0.02134174121561821,0.1333127604645358,0.0370900650766753,0.06545605751255718,0.16025365478237955,0.034544603497452614,0.033491012237897945,0.11960395199884671,0.16511369707420562,0.1228704509045787,0.17361780952621272,0.15982459251466435,0.23253575599940113,0.02958474346410304,0.19711604444395664,0.03625550653108257,0.024194333876238667,0.19550866293417682,0.0496831474418956,0.09098502716079503,0.2441843802220575,0.03041939823007692,0.1271606025408014,0.11701153803929631,0.11743353989511975,0.027679067115611158,0.05268206977976259,0.036454006348992866,0.12049844583829787,0.16825043739386789,0.028193937582927875,0.23714060143796928,0.18520699310871006,0.03635222577622129,0.039399609709658084,0.038693994752807645,0.17173691642088637,0.16055414300271761,0.05252448918986443
0.20295060192654665,0.15837238070078444,0.07107532205203254,0.12410015742852615,0.0915262862389382,0.07548583901447588,0.08065900850317631,0.1486318427587335,0.13984183015101545,0.09963361764050574,0.023516608599945078,0.15899048208951272,0.16387262773803743,0.9999999999999998,0.1939835524547623,0.1341741315645841,0.08089186340133733,0.1942740057938503,0.02764801361961676,0.15764304602053775,0.22020153078366464,0.08839039197753519,0.04341933017059235,0.08515498208860295,0.11843578660105727,0.03268444942745627,0.120899503909173,0.18265714898839852,0.03795838592558388,0.14792011891848705,0.12527859483681233,0.12134542894318244,0.290091543909549,0.13801721688911997,0.03482581961666423,0.022024142184883466,0.17117204756153873,0.08289459009309061,0.1803934132730819,0.39105848126625714,0.028663321174775644,0.021806020272458097,0.0804377890839647,0.03789694115384029,0.02976771172168493,0.1233090415976005,0.03529610431309214,0.055198275023245987,0.7329669362137639,0.19728736667023158,0.09538841819333643,0.20744857062395297,0.1909676395422848,0.16449442475501702,0.1330404581481298,0.11893519234616964,0.037044227198597006,0.024720669679837902,0.15772846977350688,0.05076397981644802,0.09296436156326875,0.1878905160645155,0.03980506250680846,0.1593454783069783,0.1466276434977119,0.1471564557730472,0.10395912537998021,0.053828142231049814,0.03724704528216852,0.15099710211887518,0.11901936884904513,0.028807282793019008,0.18247059842038488,0.11174955043044693,0.037143050523222865,0.04025672879151035,0.03953576352920221,0.3009958288909469,0.1918393485354905,0.05366713355311912
0.20106323235284257,0.22114639873654318,0.07041434643033531,0.12294606939429958,0.09067512380728389,0.0747838471285242,0.07990890795137243,0.14724961863599886,0.11867537536980878,0.09870705986404343,0.023297912369793918,0.15751192624609187,0.16234866964863187,0.1939835524547623,1.0000000000000004,0.15517791447158372,0.10136691097160792,0.2712783413327795,0.02739089676860144,0.15617702086101198,0.1482379092932971,0.0875683922650803,0.04301554559495335,0.08436307055585711,0.11733437523323371,0.03238049548596967,0.1197751808325817,0.16081594713768255,0.03760538622032165,0.7103950512140556,0.12411354774709256,0.12021695891983003,0.28739379407108395,0.1367337050722981,0.03450195168180792,0.021819325370091635,0.1695802074222659,0.10387656039402511,0.10961823634259929,0.387421774244575,0.02839676231881247,0.021603231915118284,0.07968974579534202,0.05881358869027895,0.02949088242012595,0.12216231066374422,0.11105176835059861,0.03390136245855585,0.14848241189402506,0.19545266320251592,0.0734476952110649,0.20551937151546382,0.18919170732521937,0.16296468417095653,0.029947231940783494,0.11782913667968764,0.03669972884957847,0.024490776103014703,0.15626165020297336,0.0502918925694224,0.09209982553436433,0.1861432000189288,0.03943488935560032,0.1578636211229687,0.14526405772671883,0.1457879522329558,0.028018206202176116,0.05332755934589696,0.0578049925523255,0.149592881911833,0.11791253037054457,0.028539385144386697,0.20341599104948088,0.11071031871910733,0.03679763315186934,0.12665932989804313,0.10573461386354578,0.20329287199937526,0.19005530972984985,0.05316804799232472
0.16263205768872746,0.1382988240886926,0.04142764528298409,0.19330295895423322,0.19730092046370315,0.03779991885555707,0.04039040985959056,0.32040193688137003,0.2582269514911632,0.05844750395028284,0.0401255830750495,0.12690566732557482,0.13131738657045994,0.1341741315645841,0.15517791447158372,1.0000000000000002,0.06345435399303267,0.16964995053683773,0.047174857830334586,0.22671502328776758,0.11990375333037857,0.1905409518287204,0.1688640497893718,0.03867706948603538,0.239775684796311,0.1607227794788878,0.26062002933903367,0.13007762824714758,0.031742874672575486,0.21273195394210492,0.10039051606280623,0.2615812987544472,0.5098914562163019,0.2975202540281483,0.16513665750381495,0.018273230949739504,0.17261100670746907,0.07183221024781287,0.2385194309298007,0.26797106997305153,0.0738452595976908,0.06786033716459897,0.040279633107226875,0.20934721605511714,0.03188049811970554,0.09881223793512436,0.060224532794405566,0.16226205789347037,0.21554511210926455,0.1561140801847345,0.03712455330540211,0.16415467110334236,0.13085971830267445,0.13181565623498015,0.03237382517001187,0.05955740412308513,0.1756558762068892,0.0264752383594141,0.1205504395295331,0.24071203609140823,0.2004009433843954,0.1505638365084941,0.055608752035692786,0.2506998184448502,0.21087317486800775,0.21163368851160932,0.048255261790618086,0.2552416450070311,0.19921578472167314,0.23756523554419995,0.09537475955720212,0.06984143399416778,0.8694662616529044,0.055959157287843335,0.17612447547294416,0.04311398130103218,0.04234184497075984,0.1406131819353466,0.13145705297972343,0.20031741503766531
0.1660352735435358,0.03898524501486061,0.12296777195209434,0.02959558614917588,0.02763167859455459,0.32956101234007185,0.139548556054935,0.0448717792100088,0.036164271871038337,0.1464185189083269,0.02402641646211208,0.06406403728664002,0.13406531596605262,0.08089186340133733,0.10136691097160792,0.06345435399303267,1.0000000000000004,0.04782285700561034,0.028247384683547035,0.03880571060942045,0.12241284262177754,0.02668495579066645,0.2371337677649831,0.3372085062635322,0.033580201458308735,0.03339300352095577,0.03649941859913618,0.13279961463222936,0.030281746313754743,0.036412296469544504,0.10249127406090795,0.03663404284451251,0.07140948356026665,0.04166723609476736,0.2318994353081063,0.042882989888754025,0.042136035237670094,0.16584939974987503,0.03340426511198556,0.2735785953707054,0.02928470271576674,0.022278744922793005,0.13916582322576723,0.06065263501188568,0.03957395358237985,0.10087996910429858,0.036061275507152955,0.034961426591951734,0.03689381110474696,0.08150448805133925,0.12826504672675906,0.08570234288721243,0.07889364614655364,0.13457401235237895,0.03088365408351365,0.20577037412219548,0.03784729530229413,0.025256579936933556,0.12307306128653156,0.05186447336403259,0.02806583185029716,0.1537145144427744,0.03175495415419943,0.03922478456356835,0.036094138273452196,0.03622431170413242,0.028894309500777354,0.05499506262259369,0.8850171169654488,0.03716973247854395,0.09737055853119558,0.02943178522469972,0.17263075200763103,0.19333845892418705,0.037948260981232926,0.04112943952936241,0.04039284472772204,0.08477388430173227,0.0792537715637058,0.03975627286763074
0.19200452062458975,0.40211358156443516,0.042019367835033204,0.15691240423068578,0.11572595814255199,0.044626842964753846,0.047685194377632974,0.18793029981402118,0.15146184472587285,0.06900352327311,0.029734431214518325,0.15881457950651784,0.15503420553402214,0.1942740057938503,0.2712783413327795,0.16964995053683773,0.04782285700561034,0.9999999999999983,0.034958185220316185,0.19932407721221213,0.14155919199738518,0.11176092926453994,0.054899458859087064,0.05567329431151675,0.14975036621712248,0.04132626135927485,0.15286549366072652,0.153570538370605,0.04799463368714869,0.26361511109090724,0.11852173049908066,0.15342932186725713,0.3667921342328271,0.17450915273635081,0.04403381267668606,0.021573501550859006,0.21643016476783644,0.049006858809671275,0.1399024881135589,0.38800186439418155,0.036241941444439554,0.021359842677043023,0.047554410585456876,0.04791694283597274,0.03763833432190214,0.11665840453724709,0.14173206229209911,0.043267298550290635,0.1895036771085476,0.195745316254501,0.043829501772944965,0.20582709754145156,0.1894749857909705,0.15562246611091943,0.038220759614623345,0.0703138790150753,0.046838770175995706,0.03125684764654737,0.15154275369657977,0.06418604364707993,0.11754426249672252,0.17775669608474917,0.05032957401438671,0.20147663486113546,0.18539618760078408,0.18606481854557047,0.035758801554809254,0.06806037468252109,0.047095213630815626,0.1909209368971588,0.11260009403260107,0.03642396670616024,0.17262910011209628,0.06606576416915808,0.046963722519187096,0.16165152794604926,0.6871474451185791,0.20359726426736802,0.1903398812753436,0.067856795095842
0.033512073404402015,0.02849795059147183,0.024819454999445146,0.034467304816026556,0.03218011915346062,0.02635960457757178,0.02816607190859994,0.05225810645794159,0.04211725950436843,0.029552685093346007,0.03582363785166626,0.02189643433778749,0.027059350785847664,0.02764801361961676,0.02739089676860144,0.047174857830334586,0.028247384683547035,0.034958185220316185,1.0,0.04519350451231577,0.02470744968843542,0.0495212370532068,0.04237305196992274,0.026971281651872608,0.039107826201284286,0.03888981367958072,0.04250757461342613,0.026803885335031804,0.8490088090326576,0.04240611134178416,0.02068653862722265,0.042664359306847144,0.08316417266482437,0.048526064666561126,0.04143773751296648,0.016314120761783343,0.030801156947094063,0.028946735506970224,0.03890292903701211,0.05521830255865663,0.043663797567883904,0.028250694357141226,0.02808882223513233,0.04509193228939105,0.028462525193340103,0.020361317553228328,0.05376773836724912,0.040716414301579615,0.04296688792587501,0.0278574024747471,0.0258886414277453,0.029292186429464073,0.026965043348538793,0.02716202457482811,0.02890296164904343,0.04153208974734003,0.04407732481022905,0.02363677430556622,0.02484070629038507,0.06040186545217588,0.032685738218652435,0.03102528746686807,0.05781751323637208,0.045681562077564436,0.04203558124080368,0.042187182472540996,0.04308171720747806,0.06404777986943799,0.04431864928162489,0.04328822861661115,0.038235154466353255,0.23015964966722222,0.030130327431215364,0.03902286838864049,0.04419491041283883,0.038491643836873576,0.029526896467133353,0.02897484875745068,0.02708813054197868,0.04630053847796191
0.15580147924211712,0.16248920441050738,0.034096487125513976,0.1923908329826127,0.15465264335335513,0.03621231482048688,0.03869400469226048,0.25114432491132005,0.2024089930210634,0.055992697275542916,0.038440300684816894,0.128869603339753,0.12580203047695124,0.15764304602053775,0.15617702086101198,0.22671502328776758,0.03880571060942045,0.19932407721221213,0.04519350451231577,1.0000000000000002,0.11486777208039811,0.1493538996073616,0.1245366067051615,0.04517592387824841,0.19533924083601326,0.10694728618808542,0.20428478667703676,0.12461434224733724,0.03894509827068965,0.23181625664717018,0.11716217205684085,0.20503826950782647,0.4546233215994614,0.23320871300790316,0.11395409629110267,0.017505751651690413,0.17562159325078686,0.03976646524112366,0.186961421151696,0.31484292257632884,0.04685312849857219,0.030314207343765276,0.038587880585309,0.12400315998066413,0.030541510921127175,0.0946621044848497,0.057695090558299834,0.11197045192196553,0.3269325893242043,0.15883693638024435,0.03556531475642388,0.16701776687732187,0.15374889596131555,0.12627937271744785,0.031014118138180197,0.05705598142253837,0.12121298162351031,0.025363273135111202,0.12296890259430253,0.16610559371745795,0.1778975552195421,0.1442401257277925,0.04083977843625221,0.24972175904707153,0.3100982285389606,0.23061946520994317,0.1385253421702923,0.17613188635575203,0.12187662577257227,0.23663841831453156,0.09136900087566992,0.0470884484797178,0.14007935370588143,0.05360886166290324,0.12153634293342869,0.04130318559686639,0.04056347914450591,0.699340249271847,0.2368996605890838,0.14246480632419214
0.24083184420990325,0.11539920719241704,0.10755756941190418,0.09106532486839879,0.08179181128634186,0.1142319603345805,0.12206046564832504,0.1328237835666892,0.1249686516482133,0.14147750621550761,0.021015449132067692,0.12200435282905028,0.1944598674704015,0.22020153078366464,0.1482379092932971,0.11990375333037857,0.12241284262177754,0.14155919199738518,0.02470744968843542,0.11486777208039811,1.0000000000000002,0.07898944180121925,0.03182431334030437,0.11688272359180163,0.09939987870214313,0.02920822453769758,0.10804097723943816,0.2107932023513447,0.026486867081923087,0.10778308929542348,0.14866216088136808,0.10843947495772575,0.2113773502188716,0.12333809905266808,0.031121844696529982,0.03750893496994105,0.12472577917120624,0.12544354876481306,0.9116957260647971,0.39682192978232356,0.025614772025674772,0.019486794103880694,0.12172569652804312,0.033866330499770836,0.03461458390088202,0.14632498555709558,0.03154211125296676,0.030580094342670568,0.13304096454863285,0.15076261051562787,0.11219099482268499,0.1585275762095815,0.14593321583295552,0.19519772447058736,0.046605436131072604,0.17998342936703576,0.03310430877055511,0.022091449707101665,0.17851575565611377,0.045364867601545455,0.08307693701772055,0.22296075529623155,0.027775453937172602,0.11610826196433306,0.1068413175154378,0.10722664049320257,0.025273302511731602,0.048103134434655394,0.03328555570079361,0.11002515587482303,0.14123463455894741,0.025743422296495306,0.2165291963389728,0.16910946978717434,0.03319262152802224,0.03597513784974105,0.03533085239796635,0.17645098454579597,0.14659935642595814,0.0479592501808314
0.12382052471146948,0.09110763102161486,0.027291444055344286,0.12734290964393352,0.1299766616258722,0.02490159321622639,0.026608140615421456,0.22740117617606287,0.17011312982101381,0.038503679688713405,0.026433679689021,0.08360211874133776,0.0999789828645835,0.08839039197753519,0.0875683922650803,0.1905409518287204,0.02668495579066645,0.11176092926453994,0.0495212370532068,0.1493538996073616,0.07898944180121925,1.0000000000000007,0.11124319850441557,0.02547943700136764,0.15795792019437285,0.10587994356437988,0.184971732017586,0.08569172324204057,0.02091137167861733,0.14014222097676596,0.06613463386828215,0.22302060643044203,0.3359030921639406,0.19599852496265652,0.10878769041703265,0.012037924356276118,0.1137115952575865,0.0318297969351457,0.15713033315960453,0.17653229901589765,0.04864731647904044,0.04470460685500617,0.026535163802013047,0.12276559834783547,0.021002034389046506,0.0650949057125741,0.039674339593538534,0.10689397973395261,0.14199545565166585,0.10284385357917497,0.024456680139389477,0.10814078358154776,0.08620694361845471,0.1382590928396575,0.021327025285884982,0.03923485275602487,0.11571747526914913,0.01744119130117764,0.07941546167526793,0.15857476382165925,0.13201887526201897,0.09918749889744123,0.036633584525572256,0.16515445237199716,0.13891770616870855,0.1394187125719424,0.031789298390936305,0.16814648835869525,0.11635103138152272,0.15650173431441053,0.9438730823911621,0.06522671727490412,0.09632632161924994,0.036864422297558624,0.11602617615153232,0.028402357909624462,0.027893694785838804,0.09263226915309812,0.08660045200662511,0.1319638489821942
0.04316506714184088,0.04475409853814641,0.03721083321291187,0.10957467401126778,0.11518985944804805,0.22128605604735865,0.036279175280659694,0.187059715633902,0.15076020009464272,0.038065195814127,0.0360413045244882,0.04915931159936138,0.034853668389623206,0.04341933017059235,0.04301554559495335,0.1688640497893718,0.2371337677649831,0.054899458859087064,0.04237305196992274,0.1245366067051615,0.03182431334030437,0.11124319850441557,1.0000000000000002,0.8950219687237084,0.14691955213895527,0.14436322653271783,0.15215734664771777,0.03452461732782174,0.036514598520412944,0.11685558062061546,0.026645197926161695,0.15271856292888358,0.31242961291265753,0.17370074181055198,0.33317210885940424,0.016413246383835924,0.06915115258606205,0.04339870263195636,0.13925439202138262,0.08671659900199404,0.06632874303339886,0.0609530102605428,0.0361796742052808,0.16738616671000517,0.028635465283472716,0.026226298464898767,0.05409443452144821,0.14574582580820183,0.11840087376962002,0.06254217958407964,0.033345741755652775,0.06576338859097142,0.042346771682137546,0.03498591687635713,0.029078577858734304,0.053495211139320514,0.15777632225424015,0.02378039283031347,0.03901064441489123,0.21621058513351799,0.11699974053568328,0.03996197431419928,0.05834056435181836,0.14522581036412055,0.11583453651358777,0.11625229351598504,0.04334348442617417,0.22926126301576172,0.3563355223807495,0.13761718720127114,0.025313938459802905,0.0627324564057475,0.038809225286646175,0.050263220473897266,0.15819722402197875,0.03872552148157597,0.0380319788964946,0.045503034762327595,0.04254007177107942,0.16573439315782754
0.158534468838695,0.04538493004013333,0.11741258345077743,0.03445389675927599,0.0263833906833094,0.31467277359937823,0.13324431453160507,0.04284465301308798,0.03453051577326373,0.13980392014226756,0.0229409997684586,0.06744030509720249,0.12800878513803887,0.08515498208860295,0.08436307055585711,0.03867706948603538,0.3372085062635322,0.05567329431151675,0.026971281651872608,0.04517592387824841,0.11688272359180163,0.02547943700136764,0.8950219687237084,1.0000000000000007,0.03909261294466625,0.03188444216183545,0.03485052192248772,0.12680026309098427,0.03702929013037687,0.04238961502591394,0.09786113123478367,0.03497906438685721,0.08313182113769871,0.03978487824473259,0.2214231531405528,0.04094570918056242,0.049052943253307585,0.13693737426610297,0.03189519499955532,0.2770321331959861,0.02796173783473687,0.02127228098794113,0.13287887202963383,0.036969349323506186,0.03778616180244802,0.09632261854418817,0.034432172370127745,0.03338201019763902,0.042950173463436464,0.08579989294742588,0.12247054869377065,0.0902189808300451,0.08305145588231416,0.12849450067116164,0.02948845502184224,0.19647449766539,0.03613750698677387,0.024115589413799546,0.12462668236514775,0.049521445418702514,0.026797930644155088,0.14677031199393537,0.038830766174094755,0.04566379158520769,0.04201922906410094,0.042170771321748776,0.02758898101231175,0.05251060726766336,0.2368173470811962,0.04327138915007845,0.09297174900141056,0.028102175748509674,0.14253655384438974,0.18460420630801055,0.03623391144312756,0.03927137716137762,0.03856805874514492,0.08924159112863213,0.0834305604319905,0.037960244636953196
